-2. 0.
-1.99 0.
-1.98 0.
-1.97 0.
-1.96 0.
-1.95 0.
-1.94 0.
-1.93 0.
-1.92 0.
-1.91 0.
-1.9 0.0001
-1.89 0.0003
-1.88 0.0007
-1.87 0.0014
-1.8599999999999999 0.0025
-1.85 0.0041
-1.84 0.0063
-1.83 0.0092
-1.82 0.0129
-1.81 0.0175
-1.8 0.023
-1.79 0.0294
-1.78 0.0368
-1.77 0.0453
-1.76 0.0546
-1.75 0.065
-1.74 0.0762
-1.73 0.0884
-1.72 0.1013
-1.71 0.1151
-1.7 0.1296
-1.69 0.1447
-1.68 0.1605
-1.67 0.1769
-1.66 0.1937
-1.65 0.211
-1.6400000000000001 0.2288
-1.63 0.2469
-1.62 0.2653
-1.6099999999999999 0.284
-1.6 0.3029
-1.5899999999999999 0.3221
-1.58 0.3415
-1.57 0.361
-1.56 0.3806
-1.55 0.4003
-1.54 0.4202
-1.53 0.4401
-1.52 0.46
-1.51 0.48
-1.5 0.5
-1.49 0.52
-1.48 0.54
-1.47 0.5599
-1.46 0.5798
-1.45 0.5997
-1.44 0.6194
-1.43 0.639
-1.42 0.6585
-1.4100000000000001 0.6779
-1.4 0.6971
-1.3900000000000001 0.716
-1.38 0.7347
-1.37 0.7531
-1.3599999999999999 0.7712
-1.35 0.789
-1.3399999999999999 0.8063
-1.33 0.8231
-1.3199999999999998 0.8395
-1.31 0.8553
-1.2999999999999998 0.8704
-1.29 0.8849
-1.28 0.8987
-1.27 0.9116
-1.26 0.9238
-1.25 0.935
-1.24 0.9454
-1.23 0.9547
-1.22 0.9632
-1.21 0.9706
-1.2 0.977
-1.19 0.9825
-1.18 0.9871
-1.17 0.9908
-1.1600000000000001 0.9937
-1.15 0.9959
-1.1400000000000001 0.9975
-1.13 0.9986
-1.12 0.9993
-1.1099999999999999 0.9997
-1.1 0.9999
-1.0899999999999999 1.
-1.08 1.
-1.0699999999999998 1.
-1.06 1.
-1.0499999999999998 1.
-1.04 1.
-1.03 1.
-1.02 1.
-1.01 1.
-1. 1.
-0.99 1.
-0.98 1.
-0.97 1.
-0.96 1.
-0.95 1.
-0.94 1.
-0.9299999999999999 1.
-0.9199999999999999 1.
-0.9099999999999999 1.
-0.8999999999999999 1.
-0.8899999999999999 1.
-0.8799999999999999 1.
-0.8699999999999999 1.
-0.8599999999999999 1.
-0.8499999999999999 1.
-0.8400000000000001 1.
-0.8300000000000001 1.
-0.8200000000000001 1.
-0.81 1.
-0.8 1.
-0.79 1.
-0.78 1.
-0.77 1.
-0.76 1.
-0.75 1.
-0.74 1.
-0.73 1.
-0.72 1.
-0.71 1.
-0.7 1.
-0.69 1.
-0.6799999999999999 1.
-0.6699999999999999 1.
-0.6599999999999999 1.
-0.6499999999999999 1.
-0.6399999999999999 1.
-0.6299999999999999 1.
-0.6199999999999999 1.
-0.6099999999999999 1.
-0.5999999999999999 1.
-0.5900000000000001 1.
-0.5800000000000001 1.
-0.5700000000000001 1.
-0.56 1.
-0.55 1.
-0.54 1.
-0.53 1.
-0.52 1.
-0.51 1.
-0.5 1.
-0.49 1.
-0.48 1.
-0.47 1.
-0.45999999999999996 1.
-0.44999999999999996 1.
-0.43999999999999995 1.
-0.42999999999999994 1.
-0.41999999999999993 1.
-0.4099999999999999 1.
-0.3999999999999999 1.
-0.3899999999999999 1.
-0.3799999999999999 1.
-0.3699999999999999 1.
-0.3599999999999999 1.
-0.34999999999999987 1.
-0.33999999999999986 1.
-0.33000000000000007 1.
-0.32000000000000006 1.
-0.31000000000000005 1.
-0.30000000000000004 1.
-0.29000000000000004 1.
-0.28 1.
-0.27 1.
-0.26 1.
-0.25 1.
-0.24 1.
-0.22999999999999998 1.
-0.21999999999999997 1.
-0.20999999999999996 1.
-0.19999999999999996 1.
-0.18999999999999995 1.
-0.17999999999999994 1.
-0.16999999999999993 1.
-0.15999999999999992 1.
-0.1499999999999999 1.
-0.1399999999999999 1.
-0.1299999999999999 1.
-0.11999999999999988 1.
-0.10999999999999988 1.
-0.09999999999999987 1.
-0.08999999999999986 1.
-0.08000000000000007 1.
-0.07000000000000006 1.
-0.06000000000000005 1.
-0.050000000000000044 1.
-0.040000000000000036 1.
-0.030000000000000027 1.
-0.020000000000000018 1.
-0.010000000000000009 1.
0. 1.
0.010000000000000231 1.
0.020000000000000018 1.
0.03000000000000025 1.
0.040000000000000036 1.
0.04999999999999982 1.
0.06000000000000005 1.
0.06999999999999984 1.
0.08000000000000007 1.
0.08999999999999986 1.
0.10000000000000009 1.
0.10999999999999988 1.
0.1200000000000001 1.
0.1299999999999999 1.
0.14000000000000012 1.
0.1499999999999999 1.
0.16000000000000014 1.
0.16999999999999993 1.
0.18000000000000016 1.
0.18999999999999995 1.
0.20000000000000018 1.
0.20999999999999996 1.
0.2200000000000002 1.
0.22999999999999998 1.
0.2400000000000002 1.
0.25 1.
0.26000000000000023 1.
0.27 1.
0.28000000000000025 1.
0.29000000000000004 1.
0.30000000000000027 1.
0.31000000000000005 1.
0.31999999999999984 1.
0.33000000000000007 1.
0.33999999999999986 1.
0.3500000000000001 1.
0.3599999999999999 1.
0.3700000000000001 1.
0.3799999999999999 1.
0.3900000000000001 1.
0.3999999999999999 1.
0.41000000000000014 1.
0.41999999999999993 1.
0.43000000000000016 1.
0.43999999999999995 1.
0.4500000000000002 1.
0.45999999999999996 1.
0.4700000000000002 1.
0.48 1.
0.4900000000000002 1.
0.5 1.
0.5100000000000002 1.
0.52 1.
0.5300000000000002 1.
0.54 1.
0.5500000000000003 1.
0.56 1.
0.5699999999999998 1.
0.5800000000000001 1.
0.5899999999999999 1.
0.6000000000000001 1.
0.6099999999999999 1.
0.6200000000000001 1.
0.6299999999999999 1.
0.6400000000000001 1.
0.6499999999999999 1.
0.6600000000000001 1.
0.6699999999999999 1.
0.6800000000000002 1.
0.69 1.
0.7000000000000002 1.
0.71 1.
0.7200000000000002 1.
0.73 1.
0.7400000000000002 1.
0.75 1.
0.7600000000000002 1.
0.77 1.
0.7800000000000002 1.
0.79 1.
0.8000000000000003 1.
0.81 1.
0.8199999999999998 1.
0.8300000000000001 1.
0.8399999999999999 1.
0.8500000000000001 1.
0.8599999999999999 1.
0.8700000000000001 1.
0.8799999999999999 1.
0.8900000000000001 1.
0.8999999999999999 1.
0.9100000000000001 1.
0.9199999999999999 1.
0.9300000000000002 1.
0.94 1.
0.9500000000000002 1.
0.96 1.
0.9700000000000002 1.
0.98 1.
0.9900000000000002 1.
1. 1.
1.0100000000000002 1.
1.02 1.
1.0300000000000002 1.
1.04 1.
1.0500000000000003 1.
1.06 1.
1.0700000000000003 1.
1.08 1.
1.0899999999999999 1.
1.1 0.9999
1.1099999999999999 0.9997
1.12 0.9993
1.13 0.9986
1.1400000000000001 0.9975
1.15 0.9959
1.1600000000000001 0.9937
1.17 0.9908
1.1800000000000002 0.9871
1.19 0.9825
1.2000000000000002 0.977
1.21 0.9706
1.2200000000000002 0.9632
1.23 0.9547
1.2400000000000002 0.9454
1.25 0.935
1.2600000000000002 0.9238
1.27 0.9116
1.2800000000000002 0.8987
1.29 0.8849
1.3000000000000003 0.8704
1.31 0.8553
1.3200000000000003 0.8395
1.33 0.8231
1.3399999999999999 0.8063
1.35 0.789
1.3599999999999999 0.7712
1.37 0.7531
1.38 0.7347
1.3900000000000001 0.716
1.4 0.6971
1.4100000000000001 0.6779
1.42 0.6585
1.4300000000000002 0.639
1.44 0.6194
1.4500000000000002 0.5997
1.46 0.5798
1.4700000000000002 0.5599
1.48 0.54
1.4900000000000002 0.52
1.5 0.5
1.5100000000000002 0.48
1.52 0.46
1.5300000000000002 0.4401
1.54 0.4202
1.5500000000000003 0.4003
1.56 0.3806
1.5700000000000003 0.361
1.58 0.3415
1.5899999999999999 0.3221
1.6 0.3029
1.6099999999999999 0.284
1.62 0.2653
1.63 0.2469
1.6400000000000001 0.2288
1.65 0.211
1.6600000000000001 0.1937
1.67 0.1769
1.6800000000000002 0.1605
1.69 0.1447
1.7000000000000002 0.1296
1.71 0.1151
1.7200000000000002 0.1013
1.73 0.0884
1.7400000000000002 0.0762
1.75 0.065
1.7600000000000002 0.0546
1.77 0.0453
1.7800000000000002 0.0368
1.79 0.0294
1.8000000000000003 0.023
1.81 0.0175
1.8200000000000003 0.0129
1.83 0.0092
1.8399999999999999 0.0063
1.85 0.0041
1.8599999999999999 0.0025
1.87 0.0014
1.88 0.0007
1.8900000000000001 0.0003
1.9 0.0001
1.9100000000000001 0.
1.92 0.
1.9300000000000002 0.
1.94 0.
1.9500000000000002 0.
1.96 0.
1.9700000000000002 0.
1.98 0.
1.9900000000000002 0.
2. 0.